best_value: 0.6153258681297302
best_params:
  lr: 0.0011885603371219744
  weight_decay: 0.0069782812651260325
  boundary_loss_weight: 0.2681357538986471
  distance_loss_weight: 0.47236743859637587
  aux_loss_weight: 0.21809091556421523
  tv_loss_weight: 0.04879954961448965
n_trials: 12
storage: sqlite:////home/krschap/code/hotosm/dinov3-hot-ablation/outputs/dinov3l_v5/hpo.db
